{
  "accessors": [
    {
      "bufferView": 2,
      "componentType": 5126,
      "count": 353,
      "max": [
        71.44696044921875,
        29.297531127929688,
        60.017360687255859
      ],
      "min": [
        -11.934050559997559,
        -46.254970550537109,
        51.530300140380859
      ],
      "type": "VEC3"
    },
    {
      "bufferView": 2,
      "byteOffset": 4236,
      "componentType": 5126,
      "count": 353,
      "max": [
        0.99107307195663452,
        0.99898189306259155,
        0.9993366003036499
      ],
      "min": [
        -0.99107342958450317,
        -0.99898236989974976,
        -0.99933677911758423
      ],
      "type": "VEC3"
    },
    {
      "bufferView": 3,
      "componentType": 5126,
      "count": 353,
      "max": [
        0.98665279150009155,
        0.99898236989974976,
        0.99862438440322876,
        1
      ],
      "min": [
        -0.99107342958450317,
        -0.99371325969696045,
        -0.99933665990829468,
        -1
      ],
      "type": "VEC4"
    },
    {
      "bufferView": 3,
      "byteOffset": 5648,
      "componentType": 5126,
      "count": 353,
      "max": [
        1,
        1,
        1,
        1
      ],
      "min": [
        1,
        1,
        1,
        1
      ],
      "type": "VEC4"
    },
    {
      "bufferView": 0,
      "componentType": 5125,
      "count": 540,
      "max": [
        352
      ],
      "min": [
        0
      ],
      "type": "SCALAR"
    },
    {
      "bufferView": 2,
      "byteOffset": 8472,
      "componentType": 5126,
      "count": 2688,
      "max": [
        68.76397705078125,
        84.053901672363281,
        54.374431610107422
      ],
      "min": [
        -31.899709701538086,
        -24.528745651245117,
        41.673526763916016
      ],
      "type": "VEC3"
    },
    {
      "bufferView": 2,
      "byteOffset": 40728,
      "componentType": 5126,
      "count": 2688,
      "max": [
        0.99802619218826294,
        0.9992101788520813,
        0.93616700172424316
      ],
      "min": [
        -0.99801784753799438,
        -0.99938571453094482,
        -0.93615037202835083
      ],
      "type": "VEC3"
    },
    {
      "bufferView": 3,
      "byteOffset": 11296,
      "componentType": 5126,
      "count": 2688,
      "max": [
        1,
        1,
        1,
        1
      ],
      "min": [
        1,
        1,
        1,
        1
      ],
      "type": "VEC4"
    },
    {
      "bufferView": 0,
      "byteOffset": 2160,
      "componentType": 5125,
      "count": 7992,
      "max": [
        2687
      ],
      "min": [
        0
      ],
      "type": "SCALAR"
    },
    {
      "bufferView": 2,
      "byteOffset": 72984,
      "componentType": 5126,
      "count": 2688,
      "max": [
        56.984275817871094,
        72.964324951171875,
        54.5693359375
      ],
      "min": [
        -37.644386291503906,
        -27.264440536499023,
        47.670459747314453
      ],
      "type": "VEC3"
    },
    {
      "bufferView": 2,
      "byteOffset": 105240,
      "componentType": 5126,
      "count": 2688,
      "max": [
        0.99802613258361816,
        0.99863547086715698,
        0.99242448806762695
      ],
      "min": [
        -0.99801784753799438,
        -0.99829620122909546,
        -0.99241745471954346
      ],
      "type": "VEC3"
    },
    {
      "bufferView": 3,
      "byteOffset": 54304,
      "componentType": 5126,
      "count": 2688,
      "max": [
        1,
        1,
        1,
        1
      ],
      "min": [
        1,
        1,
        1,
        1
      ],
      "type": "VEC4"
    },
    {
      "bufferView": 0,
      "byteOffset": 34128,
      "componentType": 5125,
      "count": 7992,
      "max": [
        2687
      ],
      "min": [
        0
      ],
      "type": "SCALAR"
    },
    {
      "bufferView": 2,
      "byteOffset": 137496,
      "componentType": 5126,
      "count": 16894,
      "max": [
        65.209114074707031,
        64.705833435058594,
        52.243721008300781
      ],
      "min": [
        -64.196739196777344,
        -64.705841064453125,
        2.095123291015625
      ],
      "type": "VEC3"
    },
    {
      "bufferView": 2,
      "byteOffset": 340224,
      "componentType": 5126,
      "count": 16894,
      "max": [
        0.99968838691711426,
        0.99971091747283936,
        0.99999380111694336
      ],
      "min": [
        -0.99968832731246948,
        -0.99965947866439819,
        -0.99999380111694336
      ],
      "type": "VEC3"
    },
    {
      "bufferView": 3,
      "byteOffset": 97312,
      "componentType": 5126,
      "count": 16894,
      "max": [
        0.99999374151229858,
        0.99987286329269409,
        0.99960941076278687,
        1
      ],
      "min": [
        -0.99999380111694336,
        -0.99987286329269409,
        -0.99990236759185791,
        1
      ],
      "type": "VEC4"
    },
    {
      "bufferView": 3,
      "byteOffset": 367616,
      "componentType": 5126,
      "count": 16894,
      "max": [
        1,
        1,
        1,
        1
      ],
      "min": [
        1,
        1,
        1,
        1
      ],
      "type": "VEC4"
    },
    {
      "bufferView": 1,
      "componentType": 5126,
      "count": 16894,
      "max": [
        1,
        1
      ],
      "min": [
        0,
        0
      ],
      "type": "VEC2"
    },
    {
      "bufferView": 0,
      "byteOffset": 66096,
      "componentType": 5125,
      "count": 96768,
      "max": [
        16893
      ],
      "min": [
        0
      ],
      "type": "SCALAR"
    },
    {
      "bufferView": 2,
      "byteOffset": 542952,
      "componentType": 5126,
      "count": 4032,
      "max": [
        77.680221557617188,
        67.339836120605469,
        54.569343566894531
      ],
      "min": [
        -32.079597473144531,
        -16.656826019287109,
        42.710693359375
      ],
      "type": "VEC3"
    },
    {
      "bufferView": 2,
      "byteOffset": 591336,
      "componentType": 5126,
      "count": 4032,
      "max": [
        0.99849480390548706,
        0.99920988082885742,
        0.99242538213729858
      ],
      "min": [
        -0.99830019474029541,
        -0.99938589334487915,
        -0.99240958690643311
      ],
      "type": "VEC3"
    },
    {
      "bufferView": 3,
      "byteOffset": 637920,
      "componentType": 5126,
      "count": 4032,
      "max": [
        1,
        1,
        1,
        1
      ],
      "min": [
        1,
        1,
        1,
        1
      ],
      "type": "VEC4"
    },
    {
      "bufferView": 0,
      "byteOffset": 453168,
      "componentType": 5125,
      "count": 11988,
      "max": [
        4031
      ],
      "min": [
        0
      ],
      "type": "SCALAR"
    },
    {
      "bufferView": 2,
      "byteOffset": 639720,
      "componentType": 5126,
      "count": 496,
      "max": [
        68.835235595703125,
        53.460178375244141,
        61.041801452636719
      ],
      "min": [
        -20.142875671386719,
        -52.184154510498047,
        48.817207336425781
      ],
      "type": "VEC3"
    },
    {
      "bufferView": 2,
      "byteOffset": 645672,
      "componentType": 5126,
      "count": 496,
      "max": [
        0.992576003074646,
        0.99602359533309937,
        0.99933671951293945
      ],
      "min": [
        -0.99257618188858032,
        -0.99602365493774414,
        -0.9993366003036499
      ],
      "type": "VEC3"
    },
    {
      "bufferView": 3,
      "byteOffset": 702432,
      "componentType": 5126,
      "count": 496,
      "max": [
        0.98956483602523804,
        0.99602353572845459,
        0.99862462282180786,
        1
      ],
      "min": [
        -0.98422569036483765,
        -0.98139423131942749,
        -0.99933665990829468,
        -1
      ],
      "type": "VEC4"
    },
    {
      "bufferView": 3,
      "byteOffset": 710368,
      "componentType": 5126,
      "count": 496,
      "max": [
        1,
        1,
        1,
        1
      ],
      "min": [
        1,
        1,
        1,
        1
      ],
      "type": "VEC4"
    },
    {
      "bufferView": 0,
      "byteOffset": 501120,
      "componentType": 5125,
      "count": 756,
      "max": [
        495
      ],
      "min": [
        0
      ],
      "type": "SCALAR"
    },
    {
      "bufferView": 2,
      "byteOffset": 651624,
      "componentType": 5126,
      "count": 32592,
      "max": [
        63.688888549804688,
        63.656440734863281,
        68.094039916992188
      ],
      "min": [
        -65.452064514160156,
        -63.39263916015625,
        39.648391723632812
      ],
      "type": "VEC3"
    },
    {
      "bufferView": 2,
      "byteOffset": 1042728,
      "componentType": 5126,
      "count": 32592,
      "max": [
        0.99982249736785889,
        0.999336838722229,
        0.99999618530273438
      ],
      "min": [
        -0.99805861711502075,
        -0.99899673461914062,
        -0.99999761581420898
      ],
      "type": "VEC3"
    },
    {
      "bufferView": 3,
      "byteOffset": 718304,
      "componentType": 5126,
      "count": 32592,
      "max": [
        0.99985158443450928,
        0.99997979402542114,
        0.99999761581420898,
        1
      ],
      "min": [
        -0.99988973140716553,
        -0.99987488985061646,
        -0.99988436698913574,
        -1
      ],
      "type": "VEC4"
    },
    {
      "bufferView": 3,
      "byteOffset": 1239776,
      "componentType": 5126,
      "count": 32592,
      "max": [
        1,
        1,
        1,
        1
      ],
      "min": [
        1,
        1,
        1,
        1
      ],
      "type": "VEC4"
    },
    {
      "bufferView": 1,
      "byteOffset": 135152,
      "componentType": 5126,
      "count": 32592,
      "max": [
        0.5,
        1
      ],
      "min": [
        0.071428574621677399,
        0
      ],
      "type": "VEC2"
    },
    {
      "bufferView": 0,
      "byteOffset": 504144,
      "componentType": 5125,
      "count": 193536,
      "max": [
        32591
      ],
      "min": [
        0
      ],
      "type": "SCALAR"
    }
  ],
  "asset": {
    "extras": {
      "author": "8bit (https://sketchfab.com/8_bit)",
      "license": "CC-BY-4.0 (http://creativecommons.org/licenses/by/4.0/)",
      "source": "https://sketchfab.com/models/d087babd816d4121a739bb8bf3f021e1",
      "title": "Donut"
    },
    "generator": "Sketchfab-3.29.4",
    "version": "2.0"
  },
  "bufferViews": [
    {
      "buffer": 0,
      "byteLength": 1278288,
      "byteOffset": 0,
      "name": "floatBufferViews",
      "target": 34963
    },
    {
      "buffer": 0,
      "byteLength": 395888,
      "byteOffset": 1278288,
      "byteStride": 8,
      "name": "floatBufferViews",
      "target": 34962
    },
    {
      "buffer": 0,
      "byteLength": 1433832,
      "byteOffset": 1674176,
      "byteStride": 12,
      "name": "floatBufferViews",
      "target": 34962
    },
    {
      "buffer": 0,
      "byteLength": 1761248,
      "byteOffset": 3108008,
      "byteStride": 16,
      "name": "floatBufferViews",
      "target": 34962
    }
  ],
  "buffers": [
    {
      "byteLength": 4869256,
      "uri": "scene.bin"
    }
  ],
  "images": [
    {
      "uri": "textures/Material_26_baseColor.jpeg"
    },
    {
      "uri": "textures/Material_25_baseColor.jpeg"
    }
  ],
  "materials": [
    {
      "doubleSided": true,
      "emissiveFactor": [
        0,
        0,
        0
      ],
      "name": "Material_26",
      "pbrMetallicRoughness": {
        "baseColorFactor": [
          1,
          1,
          1,
          1
        ],
        "baseColorTexture": {
          "index": 0,
          "texCoord": 0
        },
        "metallicFactor": 0,
        "roughnessFactor": 0.013910061
      }
    },
    {
      "doubleSided": true,
      "emissiveFactor": [
        0,
        0,
        0
      ],
      "name": "Material_32",
      "pbrMetallicRoughness": {
        "baseColorFactor": [
          0.59587758726173845,
          0.5935033124904352,
          0.60299920082869685,
          1
        ],
        "metallicFactor": 0.0443978659,
        "roughnessFactor": 0.39195884149999999
      }
    },
    {
      "alphaMode": "BLEND",
      "doubleSided": true,
      "emissiveFactor": [
        0,
        0,
        0
      ],
      "name": "Material_29",
      "pbrMetallicRoughness": {
        "baseColorFactor": [
          0.053062204457119802,
          0.7045485851524449,
          0.129707661009511,
          0.82145579270000002
        ],
        "metallicFactor": 0,
        "roughnessFactor": 0.0443978659
      }
    },
    {
      "doubleSided": true,
      "emissiveFactor": [
        0,
        0,
        0
      ],
      "name": "Material_25",
      "pbrMetallicRoughness": {
        "baseColorFactor": [
          0.72122713409999994,
          0.72122713409999994,
          0.72122713409999994,
          1
        ],
        "baseColorTexture": {
          "index": 1,
          "texCoord": 0
        },
        "metallicFactor": 0.42854420729999998,
        "roughnessFactor": 1
      }
    },
    {
      "doubleSided": true,
      "emissiveFactor": [
        0,
        0,
        0
      ],
      "name": "Material_28",
      "pbrMetallicRoughness": {
        "baseColorFactor": [
          0.95294100000000004,
          0.92156899999999997,
          0.070588200000000004,
          1
        ],
        "metallicFactor": 0.087080792700000006,
        "roughnessFactor": 0.34927591460000001
      }
    },
    {
      "alphaMode": "BLEND",
      "doubleSided": true,
      "emissiveFactor": [
        0,
        0,
        0
      ],
      "name": "Material_30",
      "pbrMetallicRoughness": {
        "baseColorFactor": [
          0.86326662331415716,
          0.19921566406921451,
          0.41687640416801414,
          0.86413871949999999
        ],
        "metallicFactor": 0,
        "roughnessFactor": 1
      }
    },
    {
      "doubleSided": true,
      "emissiveFactor": [
        0,
        0,
        0
      ],
      "name": "Material_31",
      "pbrMetallicRoughness": {
        "baseColorFactor": [
          0.30196099999999998,
          0.082352900000000007,
          0.86666699999999997,
          1
        ],
        "metallicFactor": 0,
        "roughnessFactor": 0.9834222561
      }
    }
  ],
  "meshes": [
    {
      "primitives": [
        {
          "attributes": {
            "COLOR_0": 3,
            "NORMAL": 1,
            "POSITION": 0,
            "TANGENT": 2
          },
          "indices": 4,
          "material": 6,
          "mode": 4
        }
      ]
    },
    {
      "primitives": [
        {
          "attributes": {
            "COLOR_0": 7,
            "NORMAL": 6,
            "POSITION": 5
          },
          "indices": 8,
          "material": 5,
          "mode": 4
        }
      ]
    },
    {
      "primitives": [
        {
          "attributes": {
            "COLOR_0": 11,
            "NORMAL": 10,
            "POSITION": 9
          },
          "indices": 12,
          "material": 4,
          "mode": 4
        }
      ]
    },
    {
      "primitives": [
        {
          "attributes": {
            "COLOR_0": 16,
            "NORMAL": 14,
            "POSITION": 13,
            "TANGENT": 15,
            "TEXCOORD_0": 17
          },
          "indices": 18,
          "material": 3,
          "mode": 4
        }
      ]
    },
    {
      "primitives": [
        {
          "attributes": {
            "COLOR_0": 21,
            "NORMAL": 20,
            "POSITION": 19
          },
          "indices": 22,
          "material": 2,
          "mode": 4
        }
      ]
    },
    {
      "primitives": [
        {
          "attributes": {
            "COLOR_0": 26,
            "NORMAL": 24,
            "POSITION": 23,
            "TANGENT": 25
          },
          "indices": 27,
          "material": 1,
          "mode": 4
        }
      ]
    },
    {
      "primitives": [
        {
          "attributes": {
            "COLOR_0": 31,
            "NORMAL": 29,
            "POSITION": 28,
            "TANGENT": 30,
            "TEXCOORD_0": 32
          },
          "indices": 33,
          "material": 0,
          "mode": 4
        }
      ]
    }
  ],
  "nodes": [
    {
      "children": [
        1
      ],
      "name": "RootNode (gltf orientation matrix)",
      "rotation": [
        -0.70710678118654746,
        -0,
        -0,
        0.70710678118654757
      ]
    },
    {
      "children": [
        2
      ],
      "name": "RootNode (model correction matrix)"
    },
    {
      "children": [
        3,
        6,
        9,
        12,
        15,
        18,
        21
      ],
      "name": "b74930f824464694975cd6dc03d1ccc9.3ds"
    },
    {
      "children": [
        4
      ],
      "matrix": [
        0.078470610082149506,
        -0.9946635365486145,
        -0.066987290978431702,
        0,
        0.25488689541816711,
        -0.044943448156118393,
        0.96592569351196289,
        0,
        -0.96378159523010254,
        -0.092870920896530151,
        0.24999994039535522,
        0,
        -1.7692298889160156,
        2.3373880386352539,
        56.392269134521484,
        1
      ],
      "name": "Object006"
    },
    {
      "children": [
        5
      ],
      "matrix": [
        0.078470541325487739,
        0.25488691502982058,
        -0.9637816573706125,
        0,
        -0.99466305292356849,
        -0.04494355516990433,
        -0.092870927481398857,
        0,
        -0.066987310408888029,
        0.96592604725227504,
        0.25000001922836074,
        0,
        2.150992276343147,
        -63.78653698589607,
        8.7101298976422807,
        1
      ],
      "name": "3DSMeshMatrix"
    },
    {
      "mesh": 0,
      "name": ""
    },
    {
      "children": [
        7
      ],
      "matrix": [
        0.98291116952896118,
        -0.03389398381114006,
        -0.18093301355838776,
        0,
        -0.030199676752090454,
        0.93989390134811401,
        -0.34012782573699951,
        0,
        0.18158617615699768,
        0.33977964520454407,
        0.92280888557434082,
        0,
        3.2648677825927734,
        3.054779052734375,
        51.027278900146484,
        1
      ],
      "name": "Object004"
    },
    {
      "children": [
        8
      ],
      "matrix": [
        0.9829112324748972,
        -0.030199703096181769,
        0.1815862366083392,
        0,
        -0.033894004756054336,
        0.93989419430443943,
        0.33977958565709954,
        0,
        -0.18093306536591497,
        -0.3401280690788126,
        0.92280912728926301,
        0,
        -10.290298543469616,
        -10.819392975855958,
        -59.073989281786446,
        1
      ],
      "name": "3DSMeshMatrix"
    },
    {
      "mesh": 1,
      "name": ""
    },
    {
      "children": [
        10
      ],
      "matrix": [
        0.98291116952896118,
        -0.03389398381114006,
        -0.18093301355838776,
        0,
        -0.030199676752090454,
        0.93989390134811401,
        -0.34012782573699951,
        0,
        0.18158617615699768,
        0.33977964520454407,
        0.92280888557434082,
        0,
        3.2648677825927734,
        3.054779052734375,
        51.027278900146484,
        1
      ],
      "name": "Object002"
    },
    {
      "children": [
        11
      ],
      "matrix": [
        0.9829112324748972,
        -0.030199703096181769,
        0.1815862366083392,
        0,
        -0.033894004756054336,
        0.93989419430443943,
        0.33977958565709954,
        0,
        -0.18093306536591497,
        -0.3401280690788126,
        0.92280912728926301,
        0,
        -10.290298543469616,
        -10.819392975855958,
        -59.073989281786446,
        1
      ],
      "name": "3DSMeshMatrix"
    },
    {
      "mesh": 2,
      "name": ""
    },
    {
      "children": [
        13
      ],
      "matrix": [
        0.71598619222640991,
        0,
        0,
        0,
        0,
        0.71598619222640991,
        0,
        0,
        0,
        0,
        0.71598619222640991,
        0,
        0.50618934631347656,
        -2.5079154966078931e-06,
        27.169422149658203,
        1
      ],
      "name": "Torus001"
    },
    {
      "children": [
        14
      ],
      "matrix": [
        1.3966749790110184,
        -0,
        0,
        0,
        0,
        1.3966749790109985,
        -1.6649663198125344e-07,
        0,
        -0,
        1.6649663198125344e-07,
        1.3966749790109985,
        0,
        -0.70698199463797606,
        -1.0208744572087706e-06,
        -37.946852110615247,
        1
      ],
      "name": "3DSMeshMatrix"
    },
    {
      "mesh": 3,
      "name": ""
    },
    {
      "children": [
        16
      ],
      "matrix": [
        0.98291122913360596,
        -0.03389398381114006,
        -0.18093299865722656,
        0,
        -0.030199673026800156,
        0.93989413976669312,
        -0.34012791514396667,
        0,
        0.18158611655235291,
        0.33977958559989929,
        0.92280870676040649,
        0,
        3.2648677825927734,
        3.054779052734375,
        51.027278900146484,
        1
      ],
      "name": "Star008"
    },
    {
      "children": [
        17
      ],
      "matrix": [
        0.98291130560496909,
        -0.0301997008551694,
        0.18158620537476894,
        0,
        -0.033893986339910892,
        0.93989417169690426,
        0.33977965114564967,
        0,
        -0.18093302723540283,
        -0.3401280406895858,
        0.92280905851415373,
        0,
        -10.29030078418316,
        -10.819394362736535,
        -59.073985870459339,
        1
      ],
      "name": "3DSMeshMatrix"
    },
    {
      "mesh": 4,
      "name": ""
    },
    {
      "children": [
        19
      ],
      "matrix": [
        0.078470595180988312,
        -0.99466341733932495,
        -0.066987283527851105,
        0,
        0.25488689541816711,
        -0.044943448156118393,
        0.96592569351196289,
        0,
        -0.96378159523010254,
        -0.092870920896530151,
        0.24999994039535522,
        0,
        -1.7692298889160156,
        2.2937631607055664,
        56.392269134521484,
        1
      ],
      "name": "Cylinder00"
    },
    {
      "children": [
        20
      ],
      "matrix": [
        0.078470554069104026,
        0.25488695470075978,
        -0.96378164523481857,
        0,
        -0.99466317146707706,
        -0.044943529162064171,
        -0.092870937944281987,
        0,
        -0.066987318989875672,
        0.96592597821608661,
        0.24999999975416318,
        0,
        2.1076010004366701,
        -63.788493739365578,
        8.706079558432263,
        1
      ],
      "name": "3DSMeshMatrix"
    },
    {
      "mesh": 5,
      "name": ""
    },
    {
      "children": [
        22
      ],
      "matrix": [
        0.71598619222640991,
        0,
        0,
        0,
        0,
        0.71598619222640991,
        0,
        0,
        0,
        0,
        0.71598619222640991,
        0,
        -0.14490699768066406,
        0.0091757625341415405,
        40.004817962646484,
        1
      ],
      "name": "Object001"
    },
    {
      "children": [
        23
      ],
      "matrix": [
        1.3966749790110184,
        0,
        0,
        0,
        0,
        1.3966749790109985,
        -1.6649663198125344e-07,
        0,
        0,
        1.6649663198125344e-07,
        1.3966749790109985,
        0,
        1.1117579830749591,
        -0.025643417053324048,
        -73.800594818162438,
        1
      ],
      "name": "3DSMeshMatrix"
    },
    {
      "mesh": 6,
      "name": ""
    }
  ],
  "samplers": [
    {
      "magFilter": 9729,
      "minFilter": 9987,
      "wrapS": 10497,
      "wrapT": 10497
    }
  ],
  "scene": 0,
  "scenes": [
    {
      "name": "OSG_Scene",
      "nodes": [
        0
      ]
    }
  ],
  "textures": [
    {
      "sampler": 0,
      "source": 0
    },
    {
      "sampler": 0,
      "source": 1
    }
  ]
}

